// yaw00_lev2_p09_classic.mh: machine generated classical descriptor matcher
//
// Command: tasm /home/lanceb247/hand_shape_files/tasm.shape

#ifndef STASM_YAW00_LEV2_P09_CLASSIC_MH
#define STASM_YAW00_LEV2_P09_CLASSIC_MH

namespace stasm {

// static const int EYEMOUTH_DIST = 100;
// static const double PYR_RATIO = 2;

static const double yaw00_lev2_p09_prof[9] = // mean profile
{
    -0.362272, 0.439081, 0.224983, 0.23224, 0.145723, 0.133582, 0.10349, 0.320026, 0.0942932
};
static const double yaw00_cov_lev2_p09[9*9] = // covariance matrix
{
    1.41914, 0.680198, 0.689395, 0.292062, 0.914601, -0.120767, 0.231928, -0.116368, 0.228709,
    0.680198, 0.733453, 0.585381, 0.296587, 0.73929, 0.0144571, 0.278943, 0.108323, 0.415848,
    0.689395, 0.585381, 0.928563, 0.290438, 0.803221, -0.0271298, 0.333583, 0.0653383, 0.453173,
    0.292062, 0.296587, 0.290438, 0.411769, 0.290686, 0.0319575, 0.104176, 0.179601, 0.0063276,
    0.914601, 0.73929, 0.803221, 0.290686, 1.03671, -0.00813587, 0.216956, 0.145074, 0.357603,
    -0.120767, 0.0144571, -0.0271298, 0.0319575, -0.00813587, 1.28487, 0.70469, 1.50171, 0.925217,
    0.231928, 0.278943, 0.333583, 0.104176, 0.216956, 0.70469, 7.73391, 0.20786, 3.69373,
    -0.116368, 0.108323, 0.0653383, 0.179601, 0.145074, 1.50171, 0.20786, 3.39637, -0.148337,
    0.228709, 0.415848, 0.453173, 0.0063276, 0.357603, 0.925217, 3.69373, -0.148337, 8.01567
};

static const ClassicDescMod yaw00_lev2_p09_classic(9, yaw00_lev2_p09_prof, yaw00_cov_lev2_p09);

} // namespace stasm
#endif // STASM_YAW00_LEV2_P09_CLASSIC_MH
