// yaw00_lev2_p68_classic.mh: machine generated classical descriptor matcher
//
// Command: tasm /home/lanceb247/hand_shape_files/tasm.shape

#ifndef STASM_YAW00_LEV2_P68_CLASSIC_MH
#define STASM_YAW00_LEV2_P68_CLASSIC_MH

namespace stasm {

// static const int EYEMOUTH_DIST = 100;
// static const double PYR_RATIO = 2;

static const double yaw00_lev2_p68_prof[9] = // mean profile
{
    -0.395106, -0.268177, 1.54822, -0.910688, -1.43252, 0.271918, 0.415614, 0.232494, -0.0638461
};
static const double yaw00_cov_lev2_p68[9*9] = // covariance matrix
{
    2.55071, 0.655404, 1.08041, 0.634411, 0.0417265, -0.115995, -0.166073, 0.353546, 0.00167805,
    0.655404, 1.25495, 0.817236, 0.642695, -0.228115, -0.204236, 0.048985, 0.181696, -0.0844766,
    1.08041, 0.817236, 1.13298, 0.670987, -0.0661427, -0.150693, 0.312262, 0.706834, 0.0774323,
    0.634411, 0.642695, 0.670987, 0.890783, 0.208717, 0.0124456, 0.0596371, 0.58017, 0.127749,
    0.0417265, -0.228115, -0.0661427, 0.208717, 1.36892, 0.293456, -0.00688364, 0.970757, 0.067665,
    -0.115995, -0.204236, -0.150693, 0.0124456, 0.293456, 0.736932, 0.0282389, 0.240286, 0.108122,
    -0.166073, 0.048985, 0.312262, 0.0596371, -0.00688364, 0.0282389, 1.53697, 0.313233, 0.180366,
    0.353546, 0.181696, 0.706834, 0.58017, 0.970757, 0.240286, 0.313233, 4.44031, 0.53547,
    0.00167805, -0.0844766, 0.0774323, 0.127749, 0.067665, 0.108122, 0.180366, 0.53547, 1.73269
};

static const ClassicDescMod yaw00_lev2_p68_classic(9, yaw00_lev2_p68_prof, yaw00_cov_lev2_p68);

} // namespace stasm
#endif // STASM_YAW00_LEV2_P68_CLASSIC_MH
