// yaw00_lev1_p50_classic.mh: machine generated classical descriptor matcher
//
// Command: tasm /home/lanceb247/hand_shape_files/tasm.shape

#ifndef STASM_YAW00_LEV1_P50_CLASSIC_MH
#define STASM_YAW00_LEV1_P50_CLASSIC_MH

namespace stasm {

// static const int EYEMOUTH_DIST = 100;
// static const double PYR_RATIO = 2;

static const double yaw00_lev1_p50_prof[9] = // mean profile
{
    0.167962, 0.552896, 0.914378, 0.48665, -0.469369, -0.255334, 0.144886, -0.00887828, -0.481168
};
static const double yaw00_cov_lev1_p50[9*9] = // covariance matrix
{
    0.55841, 0.120116, 0.060488, 0.159903, 0.152931, 0.237646, -0.0233256, -0.0326918, 0.135768,
    0.120116, 2.66387, -0.597505, 0.302695, 0.135051, 0.424825, 0.481399, -0.732524, 0.0405073,
    0.060488, -0.597505, 2.06315, -0.825731, 0.0171241, 0.209801, -0.620309, 0.0976873, -0.172448,
    0.159903, 0.302695, -0.825731, 1.931, 0.136597, 0.163547, 0.560889, -0.438659, 0.233011,
    0.152931, 0.135051, 0.0171241, 0.136597, 0.363678, 0.0546759, 0.0983679, 0.00888297, 0.059344,
    0.237646, 0.424825, 0.209801, 0.163547, 0.0546759, 0.578592, -0.0653272, -0.0431999, 0.105372,
    -0.0233256, 0.481399, -0.620309, 0.560889, 0.0983679, -0.0653272, 3.17338, -1.10157, 0.451034,
    -0.0326918, -0.732524, 0.0976873, -0.438659, 0.00888297, -0.0431999, -1.10157, 2.88704, -0.250162,
    0.135768, 0.0405073, -0.172448, 0.233011, 0.059344, 0.105372, 0.451034, -0.250162, 0.356775
};

static const ClassicDescMod yaw00_lev1_p50_classic(9, yaw00_lev1_p50_prof, yaw00_cov_lev1_p50);

} // namespace stasm
#endif // STASM_YAW00_LEV1_P50_CLASSIC_MH
