// yaw00_lev3_p15_classic.mh: machine generated classical descriptor matcher
//
// Command: tasm /home/lanceb247/hand_shape_files/tasm.shape

#ifndef STASM_YAW00_LEV3_P15_CLASSIC_MH
#define STASM_YAW00_LEV3_P15_CLASSIC_MH

namespace stasm {

// static const int EYEMOUTH_DIST = 100;
// static const double PYR_RATIO = 2;

static const double yaw00_lev3_p15_prof[9] = // mean profile
{
    -0.0368811, -0.170936, 1.06533, 0.462207, -0.149287, -1.32341, -0.0153621, 0.127303, 0.148539
};
static const double yaw00_cov_lev3_p15[9*9] = // covariance matrix
{
    1.19031, 0.0736759, 0.217075, 0.12479, 0.0837389, 0.202328, 0.0552643, 0.200422, 0.12137,
    0.0736759, 0.960977, 0.133784, 0.393307, 0.391369, 0.218735, 0.286755, 0.0353582, -0.0536298,
    0.217075, 0.133784, 0.731475, 0.347448, -0.177735, 0.0987711, 0.151249, 0.00919708, -0.0320488,
    0.12479, 0.393307, 0.347448, 1.56724, -0.0539222, 0.0159051, 0.0931901, 0.0602156, -0.235562,
    0.0837389, 0.391369, -0.177735, -0.0539222, 1.93186, 0.546549, 0.360335, 0.0945462, -0.2107,
    0.202328, 0.218735, 0.0987711, 0.0159051, 0.546549, 0.55202, 0.251619, 0.0413991, 0.0372966,
    0.0552643, 0.286755, 0.151249, 0.0931901, 0.360335, 0.251619, 0.556752, 0.0528767, -0.0312765,
    0.200422, 0.0353582, 0.00919708, 0.0602156, 0.0945462, 0.0413991, 0.0528767, 0.378203, -0.0519055,
    0.12137, -0.0536298, -0.0320488, -0.235562, -0.2107, 0.0372966, -0.0312765, -0.0519055, 0.892103
};

static const ClassicDescMod yaw00_lev3_p15_classic(9, yaw00_lev3_p15_prof, yaw00_cov_lev3_p15);

} // namespace stasm
#endif // STASM_YAW00_LEV3_P15_CLASSIC_MH
