// yaw00_lev2_p39_classic.mh: machine generated classical descriptor matcher
//
// Command: tasm /home/lanceb247/hand_shape_files/tasm.shape

#ifndef STASM_YAW00_LEV2_P39_CLASSIC_MH
#define STASM_YAW00_LEV2_P39_CLASSIC_MH

namespace stasm {

// static const int EYEMOUTH_DIST = 100;
// static const double PYR_RATIO = 2;

static const double yaw00_lev2_p39_prof[9] = // mean profile
{
    0.607567, 0.466166, 0.11152, -0.0207863, -0.225886, 0.0111156, 0.196216, 0.111891, 0.113559
};
static const double yaw00_cov_lev2_p39[9*9] = // covariance matrix
{
    1.7089, 0.744678, 0.709499, 0.525233, 0.263096, 0.547074, 1.2316, 0.781978, 0.958859,
    0.744678, 0.946955, 0.459441, 0.431053, 0.328878, 0.333734, 0.695092, 0.404561, 0.490383,
    0.709499, 0.459441, 0.73622, 0.419063, 0.366226, 0.395483, 0.541073, 0.435198, 0.36379,
    0.525233, 0.431053, 0.419063, 1.07758, 0.342457, 0.559069, 0.786046, 0.504386, 0.477435,
    0.263096, 0.328878, 0.366226, 0.342457, 0.897921, 0.308367, 0.0707273, 0.292959, 0.241188,
    0.547074, 0.333734, 0.395483, 0.559069, 0.308367, 0.543586, 0.520272, 0.40526, 0.495342,
    1.2316, 0.695092, 0.541073, 0.786046, 0.0707273, 0.520272, 4.20591, 0.917602, 0.794627,
    0.781978, 0.404561, 0.435198, 0.504386, 0.292959, 0.40526, 0.917602, 1.63585, 0.375145,
    0.958859, 0.490383, 0.36379, 0.477435, 0.241188, 0.495342, 0.794627, 0.375145, 2.33434
};

static const ClassicDescMod yaw00_lev2_p39_classic(9, yaw00_lev2_p39_prof, yaw00_cov_lev2_p39);

} // namespace stasm
#endif // STASM_YAW00_LEV2_P39_CLASSIC_MH
