// yaw00_lev3_p10_classic.mh: machine generated classical descriptor matcher
//
// Command: tasm /home/lanceb247/hand_shape_files/tasm.shape

#ifndef STASM_YAW00_LEV3_P10_CLASSIC_MH
#define STASM_YAW00_LEV3_P10_CLASSIC_MH

namespace stasm {

// static const int EYEMOUTH_DIST = 100;
// static const double PYR_RATIO = 2;

static const double yaw00_lev3_p10_prof[9] = // mean profile
{
    0.224441, -0.357789, 0.225343, 0.0656286, -0.878069, 0.407681, 0.0548225, 0.241684, 0.268309
};
static const double yaw00_cov_lev3_p10[9*9] = // covariance matrix
{
    0.64311, 0.15376, 0.0543309, 0.143187, -0.0298073, 0.048085, -0.0100034, 0.0574949, 0.25071,
    0.15376, 0.60129, 0.14733, 0.0949675, -0.0026674, 0.0700347, 0.173727, 0.0278254, 0.0548186,
    0.0543309, 0.14733, 0.602424, 0.0923778, 0.00268365, 0.00997144, 0.224547, 0.182517, -0.441648,
    0.143187, 0.0949675, 0.0923778, 0.331834, 0.0352389, 0.0266443, 0.234986, 0.228774, 0.154668,
    -0.0298073, -0.0026674, 0.00268365, 0.0352389, 0.142571, 0.0403548, 0.104483, 0.0929656, 0.124694,
    0.048085, 0.0700347, 0.00997144, 0.0266443, 0.0403548, 0.359624, 0.298217, 0.0506458, 0.143285,
    -0.0100034, 0.173727, 0.224547, 0.234986, 0.104483, 0.298217, 4.77454, 0.73103, -0.279798,
    0.0574949, 0.0278254, 0.182517, 0.228774, 0.0929656, 0.0506458, 0.73103, 3.75589, -1.14924,
    0.25071, 0.0548186, -0.441648, 0.154668, 0.124694, 0.143285, -0.279798, -1.14924, 3.41224
};

static const ClassicDescMod yaw00_lev3_p10_classic(9, yaw00_lev3_p10_prof, yaw00_cov_lev3_p10);

} // namespace stasm
#endif // STASM_YAW00_LEV3_P10_CLASSIC_MH
