// yaw00_lev2_p22_classic.mh: machine generated classical descriptor matcher
//
// Command: tasm /home/lanceb247/hand_shape_files/tasm.shape

#ifndef STASM_YAW00_LEV2_P22_CLASSIC_MH
#define STASM_YAW00_LEV2_P22_CLASSIC_MH

namespace stasm {

// static const int EYEMOUTH_DIST = 100;
// static const double PYR_RATIO = 2;

static const double yaw00_lev2_p22_prof[9] = // mean profile
{
    -0.359754, -0.082386, 0.549765, 0.672537, -1.09996, -0.192714, 0.198135, 0.171765, 0.00802714
};
static const double yaw00_cov_lev2_p22[9*9] = // covariance matrix
{
    0.530088, 0.216594, 0.0534493, -0.0436432, 0.0565847, -0.0292423, 0.0443176, -0.0486046, 0.10538,
    0.216594, 0.831353, 0.215092, 0.0478959, -0.00601415, 0.0332682, -0.314547, 0.0297167, -0.202867,
    0.0534493, 0.215092, 0.658959, 0.599614, -0.0243163, 0.142984, -0.000573386, 0.268154, -0.192976,
    -0.0436432, 0.0478959, 0.599614, 2.92858, -0.457583, 0.136377, 0.58313, -0.0535396, -0.633001,
    0.0565847, -0.00601415, -0.0243163, -0.457583, 0.210055, -0.0209199, 0.0749954, 0.347379, 0.286781,
    -0.0292423, 0.0332682, 0.142984, 0.136377, -0.0209199, 0.411571, 0.360991, -0.235852, 0.302099,
    0.0443176, -0.314547, -0.000573386, 0.58313, 0.0749954, 0.360991, 11.8078, -2.52631, 5.89826,
    -0.0486046, 0.0297167, 0.268154, -0.0535396, 0.347379, -0.235852, -2.52631, 6.68411, -0.736911,
    0.10538, -0.202867, -0.192976, -0.633001, 0.286781, 0.302099, 5.89826, -0.736911, 6.39441
};

static const ClassicDescMod yaw00_lev2_p22_classic(9, yaw00_lev2_p22_prof, yaw00_cov_lev2_p22);

} // namespace stasm
#endif // STASM_YAW00_LEV2_P22_CLASSIC_MH
