// yaw00_lev1_p41_classic.mh: machine generated classical descriptor matcher
//
// Command: tasm /home/lanceb247/hand_shape_files/tasm.shape

#ifndef STASM_YAW00_LEV1_P41_CLASSIC_MH
#define STASM_YAW00_LEV1_P41_CLASSIC_MH

namespace stasm {

// static const int EYEMOUTH_DIST = 100;
// static const double PYR_RATIO = 2;

static const double yaw00_lev1_p41_prof[9] = // mean profile
{
    0.801048, 0.525528, -0.344563, -0.591724, -0.794629, -0.311682, 0.0710221, 0.0104918, 0.124688
};
static const double yaw00_cov_lev1_p41[9*9] = // covariance matrix
{
    0.329554, 0.112557, 0.115366, -0.241563, 0.0126387, 0.0187961, 0.148021, 0.17026, 0.0940119,
    0.112557, 0.822273, -0.483398, -0.145576, -0.132869, -0.0164657, -0.0738829, 0.0104572, 0.012994,
    0.115366, -0.483398, 7.76622, -2.74067, 0.568323, 0.32398, 0.189372, 0.0497644, -0.250906,
    -0.241563, -0.145576, -2.74067, 4.99279, 1.07525, 0.369185, -0.551598, 0.0610248, -0.100956,
    0.0126387, -0.132869, 0.568323, 1.07525, 1.0698, 0.272999, 0.0307308, 0.00284077, -0.00584741,
    0.0187961, -0.0164657, 0.32398, 0.369185, 0.272999, 0.316999, 0.143525, 0.0771259, 0.00287086,
    0.148021, -0.0738829, 0.189372, -0.551598, 0.0307308, 0.143525, 1.27252, 0.0880708, 0.115872,
    0.17026, 0.0104572, 0.0497644, 0.0610248, 0.00284077, 0.0771259, 0.0880708, 0.963514, 0.248982,
    0.0940119, 0.012994, -0.250906, -0.100956, -0.00584741, 0.00287086, 0.115872, 0.248982, 0.971557
};

static const ClassicDescMod yaw00_lev1_p41_classic(9, yaw00_lev1_p41_prof, yaw00_cov_lev1_p41);

} // namespace stasm
#endif // STASM_YAW00_LEV1_P41_CLASSIC_MH
