// yaw00_lev2_p63_classic.mh: machine generated classical descriptor matcher
//
// Command: tasm /home/lanceb247/hand_shape_files/tasm.shape

#ifndef STASM_YAW00_LEV2_P63_CLASSIC_MH
#define STASM_YAW00_LEV2_P63_CLASSIC_MH

namespace stasm {

// static const int EYEMOUTH_DIST = 100;
// static const double PYR_RATIO = 2;

static const double yaw00_lev2_p63_prof[9] = // mean profile
{
    0.047433, -0.0784707, -0.0808762, 0.247157, 0.555566, -1.00427, 0.327423, 0.350659, 0.0946294
};
static const double yaw00_cov_lev2_p63[9*9] = // covariance matrix
{
    1.05428, 0.0690715, -0.452619, 0.0504241, 0.0289251, -0.0176156, 0.0692933, -0.0114695, -0.111527,
    0.0690715, 0.775714, 0.429659, -0.138069, -0.0235406, -0.0314588, 0.00771775, 0.0952244, -0.365091,
    -0.452619, 0.429659, 1.69405, 0.161463, 0.13035, -0.0129634, -0.235145, 0.0405061, -0.184036,
    0.0504241, -0.138069, 0.161463, 1.6238, 0.483779, 0.196934, -0.258673, 0.331662, 0.324516,
    0.0289251, -0.0235406, 0.13035, 0.483779, 0.554908, 0.085193, -0.0515124, 0.243243, 0.301869,
    -0.0176156, -0.0314588, -0.0129634, 0.196934, 0.085193, 0.140765, -0.0881994, 0.0956489, 0.00910583,
    0.0692933, 0.00771775, -0.235145, -0.258673, -0.0515124, -0.0881994, 1.28872, -0.269226, 0.461278,
    -0.0114695, 0.0952244, 0.0405061, 0.331662, 0.243243, 0.0956489, -0.269226, 2.69837, 0.362462,
    -0.111527, -0.365091, -0.184036, 0.324516, 0.301869, 0.00910583, 0.461278, 0.362462, 3.03827
};

static const ClassicDescMod yaw00_lev2_p63_classic(9, yaw00_lev2_p63_prof, yaw00_cov_lev2_p63);

} // namespace stasm
#endif // STASM_YAW00_LEV2_P63_CLASSIC_MH
