// yaw00_lev0_p59_classic.mh: machine generated classical descriptor matcher
//
// Command: tasm /home/lanceb247/hand_shape_files/tasm.shape

#ifndef STASM_YAW00_LEV0_P59_CLASSIC_MH
#define STASM_YAW00_LEV0_P59_CLASSIC_MH

namespace stasm {

// static const int EYEMOUTH_DIST = 100;
// static const double PYR_RATIO = 2;

static const double yaw00_lev0_p59_prof[9] = // mean profile
{
    0.0800677, -0.0261424, -0.147608, -0.492469, -1.23245, -2.75007, -0.0537129, 0.344503, 0.211556
};
static const double yaw00_cov_lev0_p59[9*9] = // covariance matrix
{
    5.0754, -0.279341, 0.977481, -0.371816, 0.0985095, 0.0103322, 0.286113, -0.59083, -0.0238823,
    -0.279341, 7.15119, -0.265592, 0.271473, -0.064147, 0.148565, 0.0434228, -0.342248, -0.296016,
    0.977481, -0.265592, 4.48182, 0.0920661, -0.0364965, 0.240225, 0.182593, -0.555434, 0.00340505,
    -0.371816, 0.271473, 0.0920661, 1.69036, 0.153668, 0.246809, 0.021205, -0.0511115, 0.135773,
    0.0985095, -0.064147, -0.0364965, 0.153668, 0.307812, 0.067047, 0.0870955, 0.0754265, 0.172569,
    0.0103322, 0.148565, 0.240225, 0.246809, 0.067047, 0.193015, 0.0612663, 0.108592, 0.127365,
    0.286113, 0.0434228, 0.182593, 0.021205, 0.0870955, 0.0612663, 0.506104, -0.00973075, 0.2546,
    -0.59083, -0.342248, -0.555434, -0.0511115, 0.0754265, 0.108592, -0.00973075, 1.90685, 0.0714387,
    -0.0238823, -0.296016, 0.00340505, 0.135773, 0.172569, 0.127365, 0.2546, 0.0714387, 1.21956
};

static const ClassicDescMod yaw00_lev0_p59_classic(9, yaw00_lev0_p59_prof, yaw00_cov_lev0_p59);

} // namespace stasm
#endif // STASM_YAW00_LEV0_P59_CLASSIC_MH
