// yaw00_lev1_p40_classic.mh: machine generated classical descriptor matcher
//
// Command: tasm /home/lanceb247/hand_shape_files/tasm.shape

#ifndef STASM_YAW00_LEV1_P40_CLASSIC_MH
#define STASM_YAW00_LEV1_P40_CLASSIC_MH

namespace stasm {

// static const int EYEMOUTH_DIST = 100;
// static const double PYR_RATIO = 2;

static const double yaw00_lev1_p40_prof[9] = // mean profile
{
    1.17979, 0.0229158, -0.451348, -0.720048, -0.430868, 0.033248, 0.102834, -0.136663, -0.0856476
};
static const double yaw00_cov_lev1_p40[9*9] = // covariance matrix
{
    0.233551, 0.0323104, 0.465005, -0.0251931, 0.120355, 0.0362569, -0.0271949, 0.0928278, 0.198559,
    0.0323104, 0.697671, 0.357365, -0.424639, 0.00113611, -0.0162055, -0.456104, -0.0343886, 0.339211,
    0.465005, 0.357365, 7.14926, -0.621304, 1.05637, 0.0198361, -1.00878, 0.556879, 1.14989,
    -0.0251931, -0.424639, -0.621304, 3.74922, 0.314214, 0.655086, 0.179672, 0.422683, 0.355369,
    0.120355, 0.00113611, 1.05637, 0.314214, 0.870943, 0.0737019, 0.120288, 0.032722, 0.283971,
    0.0362569, -0.0162055, 0.0198361, 0.655086, 0.0737019, 0.387389, 0.149476, 0.174857, 0.151622,
    -0.0271949, -0.456104, -1.00878, 0.179672, 0.120288, 0.149476, 1.89004, -0.0692148, -0.0499657,
    0.0928278, -0.0343886, 0.556879, 0.422683, 0.032722, 0.174857, -0.0692148, 1.52094, -0.322676,
    0.198559, 0.339211, 1.14989, 0.355369, 0.283971, 0.151622, -0.0499657, -0.322676, 1.79257
};

static const ClassicDescMod yaw00_lev1_p40_classic(9, yaw00_lev1_p40_prof, yaw00_cov_lev1_p40);

} // namespace stasm
#endif // STASM_YAW00_LEV1_P40_CLASSIC_MH
