// yaw00_lev3_p25_classic.mh: machine generated classical descriptor matcher
//
// Command: tasm /home/lanceb247/hand_shape_files/tasm.shape

#ifndef STASM_YAW00_LEV3_P25_CLASSIC_MH
#define STASM_YAW00_LEV3_P25_CLASSIC_MH

namespace stasm {

// static const int EYEMOUTH_DIST = 100;
// static const double PYR_RATIO = 2;

static const double yaw00_lev3_p25_prof[9] = // mean profile
{
    -0.295547, -0.254738, -0.135001, 0.156358, -0.509337, -0.0740982, 0.430622, 0.207671, 0.0331239
};
static const double yaw00_cov_lev3_p25[9*9] = // covariance matrix
{
    0.805925, 0.49805, 0.21326, 0.0989793, 0.224643, 0.0808881, 0.302221, 0.0969773, -0.00775434,
    0.49805, 1.44523, 0.672582, 0.387189, 0.0369508, 0.208727, -0.0238929, 0.128379, 0.196833,
    0.21326, 0.672582, 1.40575, 0.67215, 0.197923, 0.264071, -0.185923, 0.014895, 0.0975032,
    0.0989793, 0.387189, 0.67215, 1.20944, 0.157885, 0.201356, -0.00782518, -0.00923143, 0.139761,
    0.224643, 0.0369508, 0.197923, 0.157885, 0.444719, 0.0860935, 0.588582, -0.00209555, 0.423525,
    0.0808881, 0.208727, 0.264071, 0.201356, 0.0860935, 0.22354, 0.145579, 0.089933, 0.440288,
    0.302221, -0.0238929, -0.185923, -0.00782518, 0.588582, 0.145579, 3.00048, -0.169577, 0.437405,
    0.0969773, 0.128379, 0.014895, -0.00923143, -0.00209555, 0.089933, -0.169577, 0.709766, 0.497138,
    -0.00775434, 0.196833, 0.0975032, 0.139761, 0.423525, 0.440288, 0.437405, 0.497138, 9.92007
};

static const ClassicDescMod yaw00_lev3_p25_classic(9, yaw00_lev3_p25_prof, yaw00_cov_lev3_p25);

} // namespace stasm
#endif // STASM_YAW00_LEV3_P25_CLASSIC_MH
