// yaw00_lev2_p61_classic.mh: machine generated classical descriptor matcher
//
// Command: tasm /home/lanceb247/hand_shape_files/tasm.shape

#ifndef STASM_YAW00_LEV2_P61_CLASSIC_MH
#define STASM_YAW00_LEV2_P61_CLASSIC_MH

namespace stasm {

// static const int EYEMOUTH_DIST = 100;
// static const double PYR_RATIO = 2;

static const double yaw00_lev2_p61_prof[9] = // mean profile
{
    -0.0360077, 0.207338, 0.579435, 0.439423, -0.173086, -0.361442, 0.235895, 0.337433, 0.457685
};
static const double yaw00_cov_lev2_p61[9*9] = // covariance matrix
{
    2.75009, 0.0282291, 0.217786, 0.508929, 0.462218, 0.539273, 0.910113, 0.165764, -0.274569,
    0.0282291, 1.06063, -0.00861894, 0.564199, 0.327785, 0.393723, 0.510253, 0.082535, 0.00875093,
    0.217786, -0.00861894, 0.420266, 0.256768, 0.0481868, -0.211665, 0.0444215, -0.324656, -0.129145,
    0.508929, 0.564199, 0.256768, 1.3408, 0.706295, 0.537408, 0.558769, 0.0180334, 0.178329,
    0.462218, 0.327785, 0.0481868, 0.706295, 1.56982, 1.36146, 1.48202, 0.449899, 0.880345,
    0.539273, 0.393723, -0.211665, 0.537408, 1.36146, 1.85563, 1.61881, 0.819925, 0.969008,
    0.910113, 0.510253, 0.0444215, 0.558769, 1.48202, 1.61881, 2.92372, 0.798589, 0.71647,
    0.165764, 0.082535, -0.324656, 0.0180334, 0.449899, 0.819925, 0.798589, 1.59141, 0.605922,
    -0.274569, 0.00875093, -0.129145, 0.178329, 0.880345, 0.969008, 0.71647, 0.605922, 1.84596
};

static const ClassicDescMod yaw00_lev2_p61_classic(9, yaw00_lev2_p61_prof, yaw00_cov_lev2_p61);

} // namespace stasm
#endif // STASM_YAW00_LEV2_P61_CLASSIC_MH
