// yaw00_lev3_p63_classic.mh: machine generated classical descriptor matcher
//
// Command: tasm /home/lanceb247/hand_shape_files/tasm.shape

#ifndef STASM_YAW00_LEV3_P63_CLASSIC_MH
#define STASM_YAW00_LEV3_P63_CLASSIC_MH

namespace stasm {

// static const int EYEMOUTH_DIST = 100;
// static const double PYR_RATIO = 2;

static const double yaw00_lev3_p63_prof[9] = // mean profile
{
    -0.444509, -0.214747, 0.137052, 0.827109, 0.204214, 1.77298, 0.690963, 0.0440035, 0.0863371
};
static const double yaw00_cov_lev3_p63[9*9] = // covariance matrix
{
    1.58816, -0.408903, 0.0173244, -0.0204138, -0.0734043, 0.00521327, -0.0447464, 0.72903, 0.537598,
    -0.408903, 1.54578, 0.180581, 0.0155496, 0.0971285, 0.194148, 0.478983, 0.54512, -0.371889,
    0.0173244, 0.180581, 0.889423, 0.377028, 0.127844, 0.147553, 0.256062, 0.740183, -0.337542,
    -0.0204138, 0.0155496, 0.377028, 0.720978, 0.295906, 0.161153, 0.318279, 0.895857, 0.628275,
    -0.0734043, 0.0971285, 0.127844, 0.295906, 0.492872, 0.191683, 0.218895, 0.133526, 0.709489,
    0.00521327, 0.194148, 0.147553, 0.161153, 0.191683, 0.349371, 0.259132, 0.638226, 0.325351,
    -0.0447464, 0.478983, 0.256062, 0.318279, 0.218895, 0.259132, 1.26129, 0.523646, 0.518357,
    0.72903, 0.54512, 0.740183, 0.895857, 0.133526, 0.638226, 0.523646, 17.9492, -1.40582,
    0.537598, -0.371889, -0.337542, 0.628275, 0.709489, 0.325351, 0.518357, -1.40582, 6.67198
};

static const ClassicDescMod yaw00_lev3_p63_classic(9, yaw00_lev3_p63_prof, yaw00_cov_lev3_p63);

} // namespace stasm
#endif // STASM_YAW00_LEV3_P63_CLASSIC_MH
