// yaw00_lev2_p59_classic.mh: machine generated classical descriptor matcher
//
// Command: tasm /home/lanceb247/hand_shape_files/tasm.shape

#ifndef STASM_YAW00_LEV2_P59_CLASSIC_MH
#define STASM_YAW00_LEV2_P59_CLASSIC_MH

namespace stasm {

// static const int EYEMOUTH_DIST = 100;
// static const double PYR_RATIO = 2;

static const double yaw00_lev2_p59_prof[9] = // mean profile
{
    0.144172, 0.441332, 0.630906, 0.205597, -0.0424862, -2.39243, -0.0413925, 0.295572, 0.81177
};
static const double yaw00_cov_lev2_p59[9*9] = // covariance matrix
{
    2.44217, 0.116883, -0.822464, -0.176738, 0.282476, 0.491394, 0.413069, -0.438081, 0.0372127,
    0.116883, 1.88619, 0.359981, 0.533472, 0.442143, 0.432611, 0.556644, -0.054148, -0.664109,
    -0.822464, 0.359981, 2.16729, 0.506624, 0.849692, 0.150573, 0.364154, 0.595587, 0.468169,
    -0.176738, 0.533472, 0.506624, 1.43212, 0.0341804, 0.437893, 0.536778, 0.297696, 0.0197982,
    0.282476, 0.442143, 0.849692, 0.0341804, 2.22235, 0.430061, 0.153267, 0.157486, 0.00690773,
    0.491394, 0.432611, 0.150573, 0.437893, 0.430061, 0.978801, 0.617115, 0.276236, -0.20485,
    0.413069, 0.556644, 0.364154, 0.536778, 0.153267, 0.617115, 1.35298, 0.192845, 0.0165733,
    -0.438081, -0.054148, 0.595587, 0.297696, 0.157486, 0.276236, 0.192845, 1.42566, 0.465836,
    0.0372127, -0.664109, 0.468169, 0.0197982, 0.00690773, -0.20485, 0.0165733, 0.465836, 1.48643
};

static const ClassicDescMod yaw00_lev2_p59_classic(9, yaw00_lev2_p59_prof, yaw00_cov_lev2_p59);

} // namespace stasm
#endif // STASM_YAW00_LEV2_P59_CLASSIC_MH
